-17.2943657844102
-18.3161649619370
-17.6331637571621
2.45748203940275
-3.42845916391824
-1.37344797779642
2.87366067619841
-8.04861682558712
-5.48021435370074
-0.611320466892854
-1.28174729315670
-2.69470512837404
-23.8406795334157
-27.8411949236997
-14.9446455512079
10.1636329226199
2.98137464699606
-7.83899300529790
-3.27491309057237
-3.88636277729920
-5.97547785602439
-2.01001260524818
-0.365734725391216
-4.51699504327433
-26.4227152023165
-30.6200869617421
-15.3283382121682
7.03855364016586
3.13639040462240
-10.2988579158106
-0.503750970317972
-5.90089599374654
-3.72946458930187
-6.18012743727805
-2.79276543746335
-7.27286150021369
-24.9985266508967
-27.4121876757384
-14.4916697850281
7.04068788309690
2.63653832980932
-8.33716367199239
-0.588440162052009
-5.53982153850617
0.305717104405141
-5.29480885397325
-2.95069652960838
-6.68617689761800
-28.4581498949398
-26.1878138379233
-19.7469641048532
3.96886564684365
-0.565031833279337
-9.32627318265077
-5.51863701196799
-8.32157618963043
-0.725587127225257
-3.81410256085651
-4.99649386397743
-9.45297454229407
-25.7224090404058
-23.9462161531171
-17.6929481584649
9.60369346467087
0.209433383749671
-7.69492346236267
-4.32187338180850
-5.38111872711079
1.33395298090216
0.856158572752020
-3.66744268105470
-6.79918410930416
-24.5170584708185
-26.4862761192835
-15.5648046413934
7.94949957749027
1.96179620905766
-11.2479945623525
-5.31803007103289
-3.81142450906287
-0.0185373730511120
1.47601774400372
-2.50796297981998
-5.06009756845243
-16.4878940618164
-30.9183834220570
-17.5682112921316
3.17901334718352
-0.942232702536265
-10.2081257245989
0.526675745520250
-3.66418638047119
-8.35738358902506
0.572669429294889
-3.11269565390458
-4.92701058289361
-5.46266880816509
-14.4918136407580
-7.44245890713077
-0.563008921606307
-8.53899082946180
-3.97042413346682
5.90994554914539
-4.45082898107972
-6.28552331592936
-1.53596428663390
-4.56542495610471
-6.43974256342062
6.81475722495292
-10.6971358823387
-2.51693509148511
5.07735234710601
4.24487897644541
1.64231315230112
7.73440237865959
1.73544210182382
1.52051356919748
0.548496303028972
-1.58357270164427
-2.94463855276046
5.04562095928474
-8.40974445893880
-4.26106617739083
7.33878728132577
2.75558916131745
3.50935890099155
8.53246916236990
3.18993753608960
1.98265042438798
1.80977527087899
0.828160540134389
-3.49770431347791
-19.5031507379990
-15.7040865930775
5.39978921040813
4.40670693463177
-10.4819446007995
5.88122604925167
6.32826568052320
-4.55850372794848
3.10646248512764
-0.693661172470963
3.05249046991103
-1.37366228145466
-17.3446828167627
-2.42989706740976
11.9272632180657
15.0384218126861
-3.10314088894672
6.63110289916609
6.94997945317790
1.25647991630472
-3.25321859382236
1.14233278243591
-2.12547867311567
3.30830051582651
-18.9720699719892
-3.74003419702421
-4.48852992109445
7.13352005936992
-1.82461684520467
-10.6549897623753
1.81625762993091
-7.52633564780661
-3.79191850716786
-2.23789921212537
-6.31996317936291
-2.16999690747196
-3.33688617658232
-28.4629467372324
-10.4127600845554
1.76151484226030
5.14212431453253
-11.4965545588903
3.77983896639587
-7.61525489565151
-4.20057948478353
-1.06007169629926
-4.33758132938939
-4.35480371104818
-21.4264215761678
-28.9694191778000
-16.9495023508481
3.06131484984126
1.68843580058443
-10.4365082454301
0.834720729754156
-9.20866124559711
-7.11347071423591
-2.49764572207407
-5.77327825376626
-9.50183567864542
-23.7861983414886
-26.5133161005967
-18.0852072552015
5.05308655043891
0.444309232402389
-9.12119802178227
-0.189516281679865
-8.49886914002811
-4.63568363094405
-0.126759230627652
-5.44228145333119
-9.18163413291931
-25.2352768056277
-26.1906284141964
-18.1429553188263
6.04380672339504
-0.363835149899931
-9.18250281762834
-1.04747977123583
-7.39936130937580
-4.48059291063564
1.63203555905693
-5.71194596890247
-8.19638196198059
-26.1001723993055
-26.0083692947799
-16.8021602805850
4.03755511934052
-0.857327576641851
-5.38717514907473
-1.78130855059942
-7.81660198318272
-5.74753087396669
4.40341972506593
-6.94362468107291
-8.89652871224247
-28.0320597636613
-24.7120675190016
-14.1015365602476
-4.27853088946402
-2.43284853202851
1.56636186234494
-3.74256578295310
-8.04412338741212
-6.26661600309570
2.50086182104898
-9.57120612773965
-4.66180649910527
-25.2792223243613
-12.5264780057245
-11.8576652833862
-16.7080875854721
-2.20019047803141
5.80258941631547
-2.89284483229209
-5.72350267245115
-5.24202355922344
-5.07913348408726
-7.96956121887035
-0.728598775751963
-21.3975870517402
-3.62211828145894
-12.6491312795442
-19.7158104729008
0.610581578706398
1.48235401610388
-1.62175932413687
-0.451300214804897
-4.57943736643468
-7.62947467625713
-6.70351375011849
-5.23338761394507
-12.6365179138511
6.70952616397627
-4.29681459994215
-19.3348028121584
1.69412412783883
0.286057290267656
-1.12587383433173
-3.06551772394693
-6.85433911005004
-5.74863987859595
-3.38366362267648
-6.02267278606970