5.92867233318467
-29.4296835142927
-8.89980043507318
4.45813521679915
3.34041958750794
-10.4897677964186
-2.71569277428929
-7.10837812426612
4.42239365509850
-4.78561810502029
-3.75266412252290
-3.48643415994158
-0.0362164448771197
0.186594649531238
-0.00692007683290823
0.655559308598605
0.200822788261162
-0.796168938836747
0.0122643147571117
0.297135123709031
0.0289207651074293
-0.0664293681266854
-0.182202149163716
0.195862361673621
0.0954009456868205
4.37870524425340
-5.64950373059485
-31.0736291462994
-12.0099932499745
9.70486981728554
-7.19856938912636
-9.59872057765941
0.0389601744312597
-9.40655657676568
-6.79923224565092
0.435777723543348
-6.39452096447205
-1.20160282878258
1.37906673712824
1.54179467858586
1.45163122008544
0.878246077019946
0.504001302376613
0.253980796823502
0.489754638786057
0.705010064681292
0.421934402408070
-0.0733295960623697
-0.306692091691929
0.321983566944623
0.0888780094344398
12.1728921064705
-25.3451483638317
-26.5001608359440
-13.8864065757583
11.3053461133128
0.913945610219504
-8.67777443167489
1.13501809927005
-6.18946643516913
-1.45812579611912
-0.924595558977613
-3.13515210871457
-5.31618170759857
0.884528075042950
0.851140846962127
0.564898248981929
0.334566178242321
0.169270681246586
-0.183354149596841
0.293264405189213
0.540884415382082
-0.0372367499431579
-0.244024579424594
0.0353528289795510
0.248974495563894
0.179680285440178
7.46299218194275
-39.0400713680504
-37.2364008942646
-0.769509942846400
-0.0363031625772479
-15.6153456539729
-10.1215465039919
-0.308388729274008
-10.2230932784295
-2.03988139225400
-3.20412363815269
-2.27924887253074
1.64473063566826
-0.826835470139263
1.69841784784699
1.30740490910768
1.26678448619298
-1.67378737306060
-0.323218733949313
1.44047588432218
0.0634875002361396
-0.543852014603923
-1.41329648935769
-1.75668700597848
-2.37987198632238
0.127667903133263
4.41067427468443
-33.7133123101108
-40.4779293696689
1.60055708661592
-2.24689832802864
-7.57233500238140
-6.00173581630592
-4.17262041927882
-7.42028303920588
-1.67643639236058
-1.54836839132168
-1.06823835604765
4.43203006416831
1.46583438682705
1.21776919282414
1.17882280335622
0.0995697403221928
-1.15690294794173
-1.19317536920606
0.328265180649010
-0.292279239172525
-0.452043586534491
0.195860663457777
-0.725794348149485
-0.252149039263931
0.247052083523072
14.2035767196883
-36.6057684926247
-34.2280483854455
-11.1923304499469
-10.2857082486731
-1.46191976050802
-0.129388601290031
-5.81962471594307
-7.56941535967852
4.24933025962395
-1.94815677381330
7.78255122623725
7.75644081579558
-0.0429283111126170
-1.75363852502749
2.91548128806501
2.95465602794582
-2.47827818871363
-2.34486934008206
0.600476617694137
-0.327753001895311
-1.80262610908550
0.508406726187320
-2.25154483335532
0.0440995438861283
0.0596919154375588
6.16042903612858
-40.1109202232545
-32.4521962464950
-0.0855172690965846
3.82482768733382
-11.1657788580897
-5.22755326089315
-1.36561405827224
-7.00869380428367
-2.80071549774770
-5.54754566906269
-5.45642385198599
-1.04341366390327
1.04152146627533
0.440798105752422
0.218101237772893
-0.659887672413216
1.54160420325633
0.793286190757296
-0.586371996185469
-0.150459072444985
0.258513637269789
0.246453535856199
-0.510265354548455
0.0368549942923270
0.201628857344668
6.00768249415110