0.117206724306436
0.0663932425576530
-0.804279115908782
0.0331806985997890
-0.853765613607507
0.478752165456863
0.553774633415778
-0.920351839951209
-0.637492141511316
0.220226434181429
0.897741819428613
0.781042074410613
-0.675719803646776
-1.09365255286198
0.0791900407014958
1.08997738170333
1.44187145340240
-0.966866352428927
-0.757567478417759
0.527569356678327
0.256550503844819
-0.782535286948662
-0.0812125096384537
-0.716711360285013
-0.545627839342468
-0.830068535681466
-0.468043920026647
0.902015282098427
0.903630821840146
-0.565386768291219
-0.931259913800824
0.296810849581601
-0.790188241535936
-0.236333849170478
1.21970331002064
0.189366628999761
-0.668962969152604
-1.00515221637860
0.120707953988867
0.964207993115716
1.37407266407662
-0.911815612719598
-0.588467826701504
0.421461412033882
1.04359507600131
-0.965531020585591
-0.351610901993941
-0.832934578393732
-0.807066956308365
-1.09160792274466
-0.516029824206430
0.549676352077675
0.946131789560537
-0.962637226512766
-0.261954861829866
-0.292296552186157
-0.0977134986505456
-1.59754033422322
0.366646863778270
-0.705429802714917
-0.642293586811427
-0.635721904228718
-0.277279839029417
0.406144084394834
0.305520629716655
-0.669234392497071
-0.835217147816651
-0.347402683829096
1.23186830124422
-0.565489753147452
-0.860837223433509
-1.06241584989253
-0.662863449842225
-0.789691906743949
-0.411393235968032
0.549916978571521
0.809086387067908
-0.645837741339034
-0.282409422557523
-0.186708005700693
1.14638485430491
-1.30855515144695
0.311137003294721
-0.514940424094013
-0.193602980632476
0.0343506880358537
-0.474966267697491
0.241340769363355
-0.868539304366765
-0.00477891099847570
-0.380955383162542
-0.611018496035095
1.37165514008286
0.791164370865665
-0.741818778376962
-0.405745851808398
-1.01316102971353
-0.674458216951532
-1.06863814921852
0.203582546030184
-0.0686942478788527
-0.805571800173364
-1.47317543178586
-1.00017300171061
0.828420511344018
-0.825223854867804
-0.407922955488821
-1.41328607995799
0.0318348151793352
0.0224602039119305
-0.274047189900615
0.586893643599032
-0.509834760635247
-0.0994472383940797
-0.787373240400365
0.189303077821109
0.671866472649987
1.81043535124494
0.111896989961591
0.406313376516763
-0.736158786146002
-0.463487054164120
-0.811755955692952
0.838884573511972
0.143642366756532
-0.542120575216063
-1.18412704380944
-0.140298743192106
1.46340318396145
0.699240098289867
0.0592139757988401
-0.551632495845234
0.485305053014922
-0.440966598582328
-0.219212724227590
0.259348997775371
-0.498149858379968
-0.265240483439912
0.239061833672421
0.511454799711477
-1.24068591466224
1.47195827984413
0.339785180343921
0.670611599119233
-0.614113303838080
-0.702548420190740
-0.545603117024017
0.652381495804969
0.624091045092540
-1.11591595582115
-1.42472383162615
0.318724952627035
1.04641303346451
0.901574172461277
0.466749664781113
0.0130278226106053
1.35452855829352
0.136494976512928
0.640498979903754
-0.214005966311592
-1.49896187626025
0.256186807248944
1.88177048108584
0.609731848558768
-1.56050129813223
0.499407211715251
0.266080967739017
0.669688265987081
0.198864486649680
-1.11968251949972
-0.796155940564762
0.114530176799366
-0.172112133994893
-0.947984631412840
-0.0130810043404121
0.361781612436674
-1.52456037747784
0.606703735129801
0.254197304683118
0.0562395535295097
2.08777700634741
0.673613352958410
1.08285514595296
-0.297699928741772
-0.321501512299999
0.923990152099294
2.37798551334523
0.949249409374329
-0.422445257499365
-0.103092037851937
0.334436677317689
0.554442270970070
1.31520272681499
0.426327520954489
0.470204960055016
-0.307366358658724
-2.25492988669301
0.0593592291124458
1.28711346979532
0.131744711192839
-0.885779239733278
-0.0815952696546696
-0.256410200085109
-0.434926183078616
2.04463152331162
1.10874562154446
1.05659768030434
0.437461079014014
0.417303823667756
1.50375715249565
2.34992108441529
1.42615272615965
1.08613940603852
0.222608203571680
0.934905433964545
0.464673902894320
2.55833017829555
0.783469029675532
1.08620765674793
0.328559541047722
1.25004822832049
0.965775857570224
1.72776548512550
1.94078814345117
1.52092220992912
0.598813157157120
0.791655765770795
0.699891721227111
0.0671065835406795
0.625384414101860
1.42548923158819
0.827578131633697
-0.751315620708197
1.43956081562758
1.00565418691125
0.313646123700938
2.40715976501488
0.235553121684185
1.87365605836518
0.827597693733070
2.37919964626632
0.998750135475905
0.868080713804091
0.583526373252001
0.841726781983173
1.26729029278093
1.92051859987235
2.36612440456006
1.66340493909078
1.01051911242511
1.63933543388665
0.520317973033537
-1.31702258199072
0.202124865339694
1.34625425015813
1.64063656101802
-0.435897215129427
0.904803512497418
0.124873837621403
0.253591462188091
0.610869544977789
0.487330620761475
1.06449921891743
1.63681583787715
-0.106439600486463
0.312232723257246
2.07630002082298
0.252947223503912
-2.78763325041742
1.65032974647622
1.38814825777323
0.100257521085487
2.00989063414092
0.193348828424424
2.42114630085577
1.20996867300873
-1.92288727580164
0.221036447952724
0.238449385906364
0.886206363325227
-1.57105075958788
-0.859907400796361
-0.791064090876430
-1.84639967860554
-1.18282556758965
-0.302366442778502
-1.09861228185275
0.703226021819902
0.112111968774967
1.56155200042843
2.89264803614222
1.45162626676892
-0.764572477921610
1.77142945441756
1.53830770383245
1.80072583703075
0.0491192597111682
0.792652919223371
0.601185830667984
2.73014523812459
-0.458330236245842
-0.947879437679033
-0.870186640869364
0.0705417572069031
0.951522641912186
-1.80311547648373
-0.829962143744614
-2.18476068179985
-1.44252764426655
-0.381963918207566
-1.81604057048127
-0.0947916338188151
-0.0526660263350724
1.43824657612361
0.839633327340094
0.560383397725485
-0.414037087553055
-1.02014995358592
0.298385316542700
-0.767621815386473
-0.116968843824686
-0.310720464319611
-0.873097963484353
0.951408473178705
0.211291148958141
-1.54214788925082
-2.31395670817436
-0.233320329871711
2.48904629642647
-1.96166670046873
-0.839058793842872
-1.65879854847839
-1.60444619516442
-0.269583251518440
-1.83178429767201
-1.66712504353529
1.53044480915967
-0.888585594275554
0.0987290310438244
-0.0452865386787961
1.49604770434301
-1.15605660423569
0.772639384482700
-0.793624358624468
-0.242964272967740
0.0737453159753739
-0.176327375612398
0.242028188476116
-0.435585574877840
-2.04908530129930
-2.48932354099475
-0.558752115172710
0.724979495922923
-1.22903513299374
-0.910766254299807
-1.90682796663917
-0.437140200771041
-0.0398398234256880
-0.473655148249143
-2.28347690144094
-0.301176735868942
-0.936252970286234
-0.718778104102370
0.101260189426099
0.549143297363829
-0.984866762891788
0.0613195739134289
-1.25958216319822
-1.14104605861614
-0.395506770705299
-0.680948314316710
-1.42915069863232
-0.883053938498106
-1.30824604861658
-1.28192588934679
0.455000972851170
-0.269036859977832
0.147924024689741
-0.549160700857081
-0.218525456726562
-0.111071107252556
0.835002516594125
0.137377885958884
-1.15009787139262
-0.540111449743272
-0.705093326593024
-0.860813207355115
0.325823679310776
0.208038728873158
-0.772453639384651
-0.186059314949809
-1.05201855506649
-0.377112470667634
0.378396634230405
-0.564609055446904
-1.32518513824611
-1.29808436050396
-0.0759864201416689
-0.605575236412084
0.713826265034073
-1.25428174927695
0.454579495966895
-0.764138246272044
-0.0513425495785263
-0.00796959296472844
1.32183763482767
-0.381366513789816
-0.481649484416538
-0.686835137042334
-0.674723114811266
-0.868035375849896
0.437523016876131
-0.0135317671304754
-0.782353922175366
-0.393278984188692
-0.730490870116646
-0.329296009268814
0.952501417918164
-0.659391149545130
-1.00528570165505
-0.440351605727379
-0.0435807773172349
0.0689142347549721
-0.222339797898565
-0.892530525804298
0.991235585350258
-0.617373920004513
0.0804103321833905
0.0715930966756384
1.28145769402789
-0.770412788691117
0.821459990150011
-0.774408497473522
-0.657569537872579
-0.700351005581388
0.211326981628705
-0.148833532708225
-0.169435851353493
-0.570517012133678
-0.852504032893726
-0.719909258713076
1.85713504344057
-1.09230345670726
-1.23261486422512
-0.193195482769844
0.453624967299357
0.375314825140378
-1.75977187758368
-0.717056093162516
1.47484210923902
-0.445490037623531
0.235963970764101
-0.201571062014997
-0.515579141875391
-0.752334990564151
1.59080999952817
-0.970018082847603
-0.535566247624274
-0.362601853055438
-0.726275101862048
-0.580797136234890
0.953510271517647
-1.04420975072682
-0.919037829506176
-0.879949872299377
1.23610318665700
-2.01584978018670
0.142348104708551
0.169053540340394
1.16336564404037
0.357146221617753
-2.50210979471121
-0.0778281422961965
1.17102555144502
-0.0658195131846801
1.14592623218483
0.0506860792456181
-1.96229620500335
-0.170236339306714
1.12468780002133
-0.691284757065288
0.611297886957706
-0.0819757086466351
-2.12765289457668
-0.517008831134610
1.63763049688190
-0.838980861054078
-0.240421647495545
-0.564054859725341
-1.23815452125326
-1.45290119148272
1.41941297379433
0.804940750442803
1.84244928236472
0.696172457893317
-2.09576735901194
0.527397979986854
0.371438336458443
0.304109980682608
1.23671269693546
-0.0129599920864686
-2.14753445683632
1.11099602882571
0.469739422430445
-0.298257150870455
1.44934440067373
-0.180959127714749
-2.46676040775420
0.253625937111011
0.939943609677460
-0.531981878252863
1.30132185221942
-0.359771024768150
-2.07063542638673
-1.00790890148177
-0.0432373545238108
1.05538437300733
1.73424714812470
0.718939500010932
-0.909218351877850
0.848612013305234
-0.356024622720094
0.536051770503996
0.868910424974188
-0.185478191455829
-1.13580947213421
1.79844085369045
-0.499114967003122
0.588828262656013
2.42172185133482
0.863609894959569
-2.42380347150321
0.550702876962214
0.746750308502098
-0.412213113697433
0.536849530843481
-1.06115245618700
-1.45669441348589
0.158957070871359
-0.299508682128986
0.817237044222475
0.924521534169243
0.599944128731002
0.213821521146281
0.585657279468432
-0.512211219177531
0.342986088966358
0.0549921884236816
-0.392361361915576
0.214865805176076
1.35784704896542
-0.746002639060554